code :
1.6255e+00   5.2189e-01  -1.5118e+00  -8.8765e-01   2.9331e-02  -1.9876e+00  9.1869e-01   1.1484e+00  -7.3505e-01   1.0522e+00  -1.4522e+00  -7.2601e-01
-5.7427e-01   1.5579e+00  -8.9901e-01   6.6368e-02   4.8445e-01   2.5428e-01 -1.2423e-01   6.7058e-01   1.5085e-01   8.2305e-01   1.0142e+00   7.7222e-01
 -6.6919e-01  -5.5648e-01   2.0849e+00   1.1008e+00   7.0125e-01  -8.8544e-01 5.3055e-01  -2.8319e+00
Matlab :
 1.6255e+00   5.2188e-01  -1.5118e+00  -8.8765e-01   2.9331e-02  -1.9876e+00   9.1869e-01   1.1484e+00  -7.3505e-01   1.0522e+00  -1.4522e+00  -7.2601e-01
 -5.7427e-01   1.5579e+00  -8.9901e-01   6.6368e-02   4.8445e-01   2.5428e-01  -1.2423e-01   6.7058e-01   1.5085e-01   8.2305e-01   1.0142e+00   7.7222e-01
 -6.6919e-01  -5.5648e-01   2.0849e+00   1.1008e+00   7.0125e-01  -8.8544e-01 5.3055e-01  -2.8319e+00
 
 
 code :
 1.5879e+01  -2.4386e+01  -9.6411e+00   2.0474e+04  -4.5799e+01  -5.1904e+01  -3.2276e+01  -2.4791e+01  -1.1436e+03   3.3040e+01   3.8074e+00   4.2846e-01
 -2.4281e+02   4.1839e+01  -9.7237e-01   6.0083e+00   3.0661e+02  -5.7598e+00 7.4520e+01   2.5561e+02  -4.0944e+00  -1.5828e+01   4.8704e+00   3.5000e-01
 -4.6196e+00  -3.0997e+01   3.3461e+01  -2.4091e+02   2.7893e+01  -3.0613e+01   8.6920e+02  -1.5275e+01
 
 New code(Intel) : 
  1.5879e+01  -2.4029e+01  -9.6411e+00   1.0606e+00  -4.5799e+01  -5.1904e+01 -3.1305e+01  -2.3755e+01  -1.1313e+03   3.3040e+01   3.8074e+00   4.4663e-01
 -5.0041e-01   4.1839e+01  -1.0937e+00   6.1204e+00   3.0661e+02  -5.7598e+00 7.4520e+01   2.5561e+02  -4.0944e+00  -1.5828e+01   4.6661e+00   3.5000e-01
 -3.8485e+00  -3.0997e+01   3.3461e+01  -2.4091e+02   2.6982e+01  -2.9647e+01  8.6920e+02  -1.5275e+01
 
 Matlab:
1.5879e+01  -2.4385e+01  -9.6411e+00   1.2298e+00  -4.5799e+01  -5.1904e+01 -3.2275e+01  -2.4792e+01  -1.1436e+03   3.3040e+01   3.8074e+00   4.2846e-01
-1.0581e+00   4.1839e+01  -9.7237e-01   6.0083e+00   3.0661e+02  -5.7598e+00   7.4520e+01   2.5561e+02  -4.0944e+00  -1.5828e+01   4.8704e+00   3.5000e-01
  -4.6196e+00  -3.0997e+01   3.3461e+01  -2.4091e+02   2.7894e+01  -3.0613e+01    8.6920e+02  -1.5275e+01
